HISTORIAL DE MOVIMIENTOS - Dominó
Formato: Jugador | Ficha (o PASA) | Estado del tablero después del movimiento

luis | [6|6] | [6|6]
juan | [6|2] | [6|6][6|2]
luis | [2|5] | [6|6][6|2][2|5]
juan | [5|0] | [6|6][6|2][2|5][5|0]
luis | [3|6] | [3|6][6|6][6|2][2|5][5|0]
juan | [0|0] | [3|6][6|6][6|2][2|5][5|0][0|0]
luis | [0|3] | [3|6][6|6][6|2][2|5][5|0][0|0][0|3]
juan | [2|3] | [2|3][3|6][6|6][6|2][2|5][5|0][0|0][0|3]
luis | PASA | [2|3][3|6][6|6][6|2][2|5][5|0][0|0][0|3]
juan | [4|2] | [4|2][2|3][3|6][6|6][6|2][2|5][5|0][0|0][0|3]
luis | [0|4] | [0|4][4|2][2|3][3|6][6|6][6|2][2|5][5|0][0|0][0|3]
juan | PASA | [0|4][4|2][2|3][3|6][6|6][6|2][2|5][5|0][0|0][0|3]
luis | [1|0] | [1|0][0|4][4|2][2|3][3|6][6|6][6|2][2|5][5|0][0|0][0|3]
juan | [4|1] | [4|1][1|0][0|4][4|2][2|3][3|6][6|6][6|2][2|5][5|0][0|0][0|3]
luis | PASA | [4|1][1|0][0|4][4|2][2|3][3|6][6|6][6|2][2|5][5|0][0|0][0|3]
juan | PASA | [4|1][1|0][0|4][4|2][2|3][3|6][6|6][6|2][2|5][5|0][0|0][0|3]
SYSTEM | BLOQUEO | Ronda finalizada por bloqueo
